0
0
0
0
0
0
0
0
0
0
0
0
0
0
0
0
0
0
0
0
0
0
0
0
0
0
0
0
0
0
0
0
0
0
0
0
0
0
0
0
0
0
0
0
0
0
0
0
0
0
0
0
0
0
0
0
0
0
0
0
0
0
0
0
0
0
0
0
0
0
0
0
0
0
0
0
0
0
0
0
0
0
0
0
0
0
0
0
0
0
0
0
0
0
0
0
0
0
0
0
0
0
0
0
0
0
0
0
0
0
0
0
0
0
0
0
0
0
0
0
0
0
0
0
0
0
0
0
0
0
0
0
0
0
0
0
0
0
0
0
0
0
0
0
0
0
0
0
0
0
0
0
0
0
0
0
0
0
0
0
0
0
0
0
0
0
0
0
0
10
12
13
0
0
0
0
0
0
0
0
0
0
0
0
0
0
0
0
0
0
0
0
0
10
11
12
13
13
0
0
0
0
0
0
0
0
0
0
0
0
0
0
0
0
0
0
0
0
10
11
1
12
13
13
0
0
0
0
0
0
0
0
0
0
0
0
0
0
0
0
0
0
0
0
10
1
12
12
13
13
0
0
0
0
0
0
0
0
0
0
0
0
0
0
0
0
0
0
10
1
1
12
12
12
13
13
0
0
0
0
0
0
0
0
0
0
0
0
0
0
0
0
0
10
1
1
1
1
1
1
13
13
0
0
0
0
0
0
0
0
0
0
0
0
0
0
0
10
11
11
11
11
11
11
11
11
13
13
0
0
0
0
0
0
0
0
0
0
0
0
10
10
10
10
10
10
10
10
10
10
10
10
10
10
11
0
0
0
0
0
0
0
0
1
10
12
15
14
8
7
6
5
4
3
1
2
10
10
11
1
12
13
0
0
0
0
0
0
10
10
10
10
10
10
10
10
10
10
10
10
10
10
11
0
0
0
0
0
0
0
0
0
0
10
11
11
11
11
11
11
11
11
13
13
0
0
0
0
0
0
0
0
0
0
0
0
0
10
1
1
1
1
1
1
13
13
0
0
0
0
0
0
0
0
0
0
0
0
0
0
10
11
1
12
12
12
13
13
0
0
0
0
0
0
0
0
0
0
0
0
0
0
0
0
10
1
12
12
13
13
0
0
0
0
0
0
0
0
0
0
0
0
0
0
0
0
10
11
1
12
13
13
0
0
0
0
0
0
0
0
0
0
0
0
0
0
0
0
0
10
11
1
13
13
0
0
0
0
0
0
0
0
0
0
0
0
0
0
0
0
0
0
0
10
11
13
0
0
0
0
0
0
0
0
0
0
0
0
0
0
0
0
0
0
0
0
0
0
0
0
0
0
0
0
0
0
0
0
0
0
0
0
0
0
0
0
0
0
0
0
0
0
0
0
0
0
0
0
0
0
0
0
0
0
0
0
0
0
0
0
0
0
0
0
0
0
0
0
0
0
0
0
0
0
0
0
0
0
0
0
0
0
0
0
0
0
0
0
0
0
0
0
0
0
0
0
0
0
0
0
0
0
0
0
0
0
0
0
0
0
0
0
0
0
0
0
0
0
0
0
0
0
0
0
0
0
0
0
0
0
0
0
0
0
0
0
0
0
0
0
0
0
0
0
0
0
0
0
0
0
0
0
0
0
0
0
0
0
0
0
0
0
0
0
0
0
0
0
0
0
0
0
0
0
0
0
0
0
0
0
0
0
0
0
0
0
0
0
0
0
0
0
0
0
0
0
0
0
0
0
0
0
0
0
0
0
0
0
2
