0
0
0
0
0
0
0
0
0
0
0
0
0
0
0
0
0
0
0
0
0
0
0
0
0
0
0
0
0
0
0
0
0
0
0
0
0
0
0
0
0
0
0
0
0
0
0
0
0
0
0
0
0
0
0
0
0
0
0
0
0
0
0
0
0
0
0
0
0
0
0
0
0
0
0
0
0
0
0
0
0
0
0
0
0
0
0
0
0
0
0
0
0
0
0
0
0
0
0
0
0
0
0
0
0
0
0
0
0
0
0
0
0
0
0
0
0
0
0
0
0
0
0
0
0
0
0
0
0
0
0
13
0
0
0
0
0
0
0
0
0
0
0
0
0
0
0
0
0
0
0
0
0
0
0
12
0
0
0
0
0
0
0
0
0
0
0
0
0
0
0
0
0
0
0
0
0
0
0
1
0
0
0
0
0
0
0
0
0
0
0
0
0
0
0
0
0
0
0
0
0
0
11
11
11
0
0
0
0
0
0
0
0
0
0
0
0
0
0
0
0
0
0
0
0
0
10
10
10
0
0
0
0
0
0
0
0
0
0
0
0
0
0
0
0
0
0
0
0
0
10
10
10
0
0
0
0
0
0
0
0
0
0
0
0
0
0
0
0
0
0
0
0
13
10
2
10
13
0
0
0
0
0
0
0
0
0
0
0
0
0
0
0
0
0
0
0
13
10
1
10
13
0
0
0
0
0
0
0
0
0
0
0
0
0
0
0
0
0
0
13
11
10
3
10
11
13
0
0
0
0
0
0
0
0
0
0
0
0
0
0
0
0
0
13
11
10
4
10
11
13
0
0
0
0
0
0
0
0
0
0
0
0
0
0
0
0
13
1
11
10
5
10
11
1
13
0
0
0
0
0
0
0
0
0
0
0
0
0
0
0
13
1
11
10
6
10
11
1
13
0
0
0
0
0
0
0
0
0
0
0
0
0
0
13
12
1
11
10
7
10
11
1
12
13
0
0
0
0
0
0
0
0
0
0
0
0
0
13
12
1
11
10
8
10
11
1
12
13
0
0
0
0
0
0
0
0
0
0
0
0
13
12
12
1
11
10
14
10
11
1
12
12
13
0
0
0
0
0
0
0
0
0
0
0
13
12
1
1
11
10
15
10
11
1
1
12
13
0
0
0
0
0
0
0
0
0
0
13
12
1
11
10
10
10
12
10
10
10
1
1
12
13
0
0
0
0
0
0
0
0
0
13
1
10
10
0
0
10
10
10
0
0
10
10
1
13
0
0
0
0
0
0
0
0
13
1
11
0
0
0
0
0
1
0
0
0
0
0
11
12
13
0
0
0
0
0
0
0
11
11
10
0
0
0
0
0
0
0
0
0
0
0
10
11
12
0
0
0
0
0
0
0
10
10
0
0
0
0
0
0
0
0
0
0
0
0
0
10
10
0
0
0
0
0
0
0
0
0
0
0
0
0
0
0
0
0
0
0
0
0
0
0
0
0
0
0
0
0
0
0
0
0
0
0
0
0
0
0
0
0
0
0
0
0
0
0
0
0
0
0
0
0
0
0
0
0
0
0
0
0
0
0
0
0
0
0
0
0
0
0
0
0
0
0
0
0
0
0
0
0
0
0
0
0
0
0
0
0
0
0
0
0
0
0
0
0
0
0
0
0
0
0
0
0
0
0
0
0
0
0
0
0
0
0
0
0
0
0
0
0
0
0
0
0
0
0
0
0
0
0
0
0
0
0
0
0
0
0
0
0
0
0
0
0
0
0
0
2
