0
0
0
0
0
0
0
0
0
0
0
0
0
0
0
0
0
0
0
0
0
0
0
0
0
0
0
0
0
0
0
0
0
0
0
0
0
0
0
0
0
0
0
0
0
0
0
0
0
0
0
0
0
0
0
0
0
0
0
0
0
0
0
0
0
0
0
0
0
0
0
0
0
0
0
0
0
0
0
0
0
0
0
0
0
0
0
0
0
0
0
0
0
0
0
0
0
0
0
0
0
0
0
0
0
0
0
0
0
0
0
0
0
0
0
0
0
0
0
0
0
0
0
0
0
0
0
0
0
0
0
0
0
0
0
0
0
0
0
0
0
0
0
0
0
0
0
0
0
0
0
0
0
0
0
0
0
0
0
0
0
0
0
0
0
0
0
0
0
0
0
0
0
0
0
0
0
0
0
0
0
0
0
0
0
0
0
13
12
10
0
0
0
0
0
0
0
0
0
0
0
0
0
0
0
0
0
0
0
13
13
12
11
10
0
0
0
0
0
0
0
0
0
0
0
0
0
0
0
0
0
13
13
12
1
11
10
0
0
0
0
0
0
0
0
0
0
0
0
0
0
0
0
13
13
12
12
1
10
0
0
0
0
0
0
0
0
0
0
0
0
0
0
0
0
13
13
12
12
12
1
1
10
0
0
0
0
0
0
0
0
0
0
0
0
0
0
13
13
1
1
1
1
1
1
10
0
0
0
0
0
0
0
0
0
0
0
0
0
13
13
11
11
11
11
11
11
11
11
10
0
0
0
0
0
0
0
0
0
0
11
10
10
10
10
10
10
10
10
10
10
10
10
10
10
0
0
0
0
0
0
13
12
1
11
10
10
2
1
3
4
5
6
7
8
14
15
12
10
1
0
0
0
0
0
0
0
0
11
10
10
10
10
10
10
10
10
10
10
10
10
10
10
0
0
0
0
0
0
0
0
0
0
0
0
13
13
11
11
11
11
11
11
11
11
10
0
0
0
0
0
0
0
0
0
0
0
0
0
0
0
13
13
1
1
1
1
1
1
10
0
0
0
0
0
0
0
0
0
0
0
0
0
0
0
0
0
13
13
12
12
12
1
11
10
0
0
0
0
0
0
0
0
0
0
0
0
0
0
0
0
0
0
13
13
12
12
1
10
0
0
0
0
0
0
0
0
0
0
0
0
0
0
0
0
0
0
0
0
13
13
12
1
11
10
0
0
0
0
0
0
0
0
0
0
0
0
0
0
0
0
0
0
0
0
13
13
1
11
10
0
0
0
0
0
0
0
0
0
0
0
0
0
0
0
0
0
0
0
0
0
13
11
10
0
0
0
0
0
0
0
0
0
0
0
0
0
0
0
0
0
0
0
0
0
0
0
0
0
0
0
0
0
0
0
0
0
0
0
0
0
0
0
0
0
0
0
0
0
0
0
0
0
0
0
0
0
0
0
0
0
0
0
0
0
0
0
0
0
0
0
0
0
0
0
0
0
0
0
0
0
0
0
0
0
0
0
0
0
0
0
0
0
0
0
0
0
0
0
0
0
0
0
0
0
0
0
0
0
0
0
0
0
0
0
0
0
0
0
0
0
0
0
0
0
0
0
0
0
0
0
0
0
0
0
0
0
0
0
0
0
0
0
0
0
0
0
0
0
0
0
0
0
0
0
0
0
0
0
0
0
0
0
0
0
0
0
0
0
0
0
0
0
0
0
0
0
0
0
0
0
0
0
0
0
0
0
0
0
0
0
0
0
0
0
0
0
0
2
